t(0)<="0  0  0  0  0  0  0  0  0  0  0  0  1  0  0  1"; 
t(1)<="0  0  0  0  0  0  0  0  0  0  0  0  0  0  0  1"; 
t(2)<="0  0  0  0  0  0  0  0  0  0  0  0  0  0  0  1"; 
t(3)<="0  0  0  0  0  0  0  0  0  0  0  0  0  0  0  0"; 
t(4)<="1  1  1  1  1  1  1  1  1  1  1  1  1  1  1  1"; 
t(5)<="1  1  1  1  1  1  1  1  1  1  1  1  1  1  1  1"; 
t(6)<="1  1  1  1  1  1  1  1  1  1  1  1  1  0  1  1"; 
t(7)<="1  1  1  1  1  1  1  1  1  1  1  1  1  0  0  1"; 
t(8)<="1  1  1  1  1  1  1  1  1  1  1  1  0  1  1  0"; 
t(9)<="1  1  1  1  1  1  1  1  1  1  1  1  0  0  1  0"; 
t(10)<="1  1  1  1  1  1  1  1  1  1  1  0  1  1  1  0"; 
t(11)<="1  1  1  1  1  1  1  1  1  1  1  0  1  0  1  0"; 
t(12)<="1  1  1  1  1  1  1  1  1  1  1  0  0  1  0  0"; 
t(13)<="1  1  1  1  1  1  1  1  1  1  0  1  1  1  1  1"; 
t(14)<="1  1  1  1  1  1  1  1  1  1  0  1  1  0  0  1"; 
t(15)<="1  1  1  1  1  1  1  1  1  1  0  1  0  0  1  0"; 
t(16)<="1  1  1  1  1  1  1  1  1  1  0  0  1  1  0  0"; 
t(17)<="1  1  1  1  1  1  1  1  1  1  0  0  0  1  0  1"; 
t(18)<="1  1  1  1  1  1  1  1  1  0  1  1  1  1  1  1"; 
t(19)<="1  1  1  1  1  1  1  1  1  0  1  1  1  0  0  1"; 
t(20)<="1  1  1  1  1  1  1  1  1  0  1  1  0  0  1  1"; 
t(21)<="1  1  1  1  1  1  1  1  1  0  1  0  1  1  1  0"; 
t(22)<="1  1  1  1  1  1  1  1  1  0  1  0  1  0  1  0"; 
t(23)<="1  1  1  1  1  1  1  1  1  0  1  0  1  0  0  0"; 
t(24)<="1  1  1  1  1  1  1  1  1  0  1  0  0  1  1  0"; 
t(25)<="1  1  1  1  1  1  1  1  1  0  1  0  0  1  1  0"; 
t(26)<="1  1  1  1  1  1  1  1  1  0  1  0  0  1  1  1"; 
t(27)<="1  1  1  1  1  1  1  1  1  0  1  0  1  0  1  1"; 
t(28)<="1  1  1  1  1  1  1  1  1  0  1  1  0  0  0  0"; 
t(29)<="1  1  1  1  1  1  1  1  1  0  1  1  0  1  1  1"; 
t(30)<="1  1  1  1  1  1  1  1  1  1  0  0  0  0  0  0"; 
t(31)<="1  1  1  1  1  1  1  1  1  1  0  0  1  0  1  1"; 
t(32)<="1  1  1  1  1  1  1  1  1  1  0  1  1  0  0  0"; 
t(33)<="1  1  1  1  1  1  1  1  1  1  1  0  0  1  1  0"; 
t(34)<="1  1  1  1  1  1  1  1  1  1  1  1  0  1  1  0"; 
t(35)<="0  0  0  0  0  0  0  0  0  0  0  0  0  1  1  1"; 
t(36)<="0  0  0  0  0  0  0  0  0  0  0  1  1  0  0  0"; 
t(37)<="0  0  0  0  0  0  0  0  0  0  1  0  1  0  1  0"; 
t(38)<="0  0  0  0  0  0  0  0  0  0  1  1  1  1  0  1"; 
t(39)<="0  0  0  0  0  0  0  0  0  1  0  0  1  1  1  0"; 
t(40)<="0  0  0  0  0  0  0  0  0  1  0  1  1  1  1  1"; 
t(41)<="0  0  0  0  0  0  0  0  0  1  1  0  1  1  1  0"; 
t(42)<="0  0  0  0  0  0  0  0  0  1  1  1  1  1  0  0"; 
t(43)<="0  0  0  0  0  0  0  0  1  0  0  0  0  1  1  1"; 
t(44)<="0  0  0  0  0  0  0  0  1  0  0  0  1  1  1  1"; 
t(45)<="0  0  0  0  0  0  0  0  1  0  0  1  0  1  0  0"; 
t(46)<="0  0  0  0  0  0  0  0  1  0  0  1  0  1  0  1"; 
t(47)<="0  0  0  0  0  0  0  0  1  0  0  1  0  0  1  0"; 
t(48)<="0  0  0  0  0  0  0  0  1  0  0  0  1  0  1  1"; 
t(49)<="0  0  0  0  0  0  0  0  1  0  0  0  0  0  0  0"; 
t(50)<="0  0  0  0  0  0  0  0  0  1  1  1  0  0  0  1"; 
t(51)<="0  0  0  0  0  0  0  0  0  1  0  1  1  1  0  1"; 
t(52)<="0  0  0  0  0  0  0  0  0  1  0  0  0  1  0  1"; 
t(53)<="0  0  0  0  0  0  0  0  0  0  1  0  1  0  0  1"; 
t(54)<="0  0  0  0  0  0  0  0  0  0  0  0  1  0  1  0"; 
t(55)<="1  1  1  1  1  1  1  1  1  1  1  0  1  0  0  0"; 
t(56)<="1  1  1  1  1  1  1  1  1  1  0  0  0  1  0  0"; 
t(57)<="1  1  1  1  1  1  1  1  1  0  0  1  1  1  1  1"; 
t(58)<="1  1  1  1  1  1  1  1  0  1  1  1  1  0  1  0"; 
t(59)<="1  1  1  1  1  1  1  1  0  1  0  1  0  1  0  1"; 
t(60)<="1  1  1  1  1  1  1  1  0  0  1  1  0  0  1  0"; 
t(61)<="1  1  1  1  1  1  1  1  0  0  0  1  0  0  0  1"; 
t(62)<="1  1  1  1  1  1  1  0  1  1  1  1  0  1  0  1"; 
t(63)<="1  1  1  1  1  1  1  0  1  1  0  1  1  1  0  1"; 
t(64)<="1  1  1  1  1  1  1  0  1  1  0  0  1  0  1  1"; 
t(65)<="1  1  1  1  1  1  1  0  1  1  0  0  0  0  0  0"; 
t(66)<="1  1  1  1  1  1  1  0  1  0  1  1  1  1  0  1"; 
t(67)<="1  1  1  1  1  1  1  0  1  1  0  0  0  0  1  1"; 
t(68)<="1  1  1  1  1  1  1  0  1  1  0  1  0  0  1  0"; 
t(69)<="1  1  1  1  1  1  1  0  1  1  1  0  1  0  1  1"; 
t(70)<="1  1  1  1  1  1  1  1  0  0  0  0  1  1  1  0"; 
t(71)<="1  1  1  1  1  1  1  1  0  0  1  1  1  1  0  0"; 
t(72)<="1  1  1  1  1  1  1  1  0  1  1  1  0  1  0  0"; 
t(73)<="1  1  1  1  1  1  1  1  1  0  1  1  0  1  1  1"; 
t(74)<="0  0  0  0  0  0  0  0  0  0  0  0  0  0  1  1"; 
t(75)<="0  0  0  0  0  0  0  0  0  1  0  1  1  0  0  0"; 
t(76)<="0  0  0  0  0  0  0  0  1  0  1  1  0  1  1  0"; 
t(77)<="0  0  0  0  0  0  0  1  0  0  0  1  1  1  0  0"; 
t(78)<="0  0  0  0  0  0  0  1  1  0  0  0  0  1  1  1"; 
t(79)<="0  0  0  0  0  0  0  1  1  1  1  1  1  0  0  0"; 
t(80)<="0  0  0  0  0  0  1  0  0  1  1  0  1  0  1  1"; 
t(81)<="0  0  0  0  0  0  1  0  1  1  1  0  0  0  0  0"; 
t(82)<="0  0  0  0  0  0  1  1  0  1  0  1  0  1  1  0"; 
t(83)<="0  0  0  0  0  0  1  1  1  1  0  0  1  0  0  1"; 
t(84)<="0  0  0  0  0  1  0  0  0  0  1  1  1  0  0  1"; 
t(85)<="0  0  0  0  0  1  0  0  1  0  1  0  0  1  0  0"; 
t(86)<="0  0  0  0  0  1  0  1  0  0  0  0  1  0  0  0"; 
t(87)<="0  0  0  0  0  1  0  1  0  1  1  0  0  0  1  1"; 
t(88)<="0  0  0  0  0  1  0  1  1  0  1  1  0  1  0  0"; 
t(89)<="0  0  0  0  0  1  0  1  1  1  1  1  1  0  1  0"; 
t(90)<="0  0  0  0  0  1  1  0  0  0  1  1  0  0  1  1"; 
t(91)<="0  0  0  0  0  1  1  0  0  1  0  1  1  1  1  1"; 
t(92)<="0  0  0  0  0  1  1  0  0  1  1  1  1  1  0  1"; 
t(93)<="0  0  0  0  0  1  1  0  1  0  0  0  1  1  0  0"; 
t(94)<="0  0  0  0  0  1  1  0  1  0  0  0  1  1  0  0"; 
t(95)<="0  0  0  0  0  1  1  0  0  1  1  1  1  1  0  1"; 
t(96)<="0  0  0  0  0  1  1  0  0  1  0  1  1  1  1  1"; 
t(97)<="0  0  0  0  0  1  1  0  0  0  1  1  0  0  1  1"; 
t(98)<="0  0  0  0  0  1  0  1  1  1  1  1  1  0  1  0"; 
t(99)<="0  0  0  0  0  1  0  1  1  0  1  1  0  1  0  0"; 
t(100)<="0  0  0  0  0  1  0  1  0  1  1  0  0  0  1  1"; 
t(101)<="0  0  0  0  0  1  0  1  0  0  0  0  1  0  0  0"; 
t(102)<="0  0  0  0  0  1  0  0  1  0  1  0  0  1  0  0"; 
t(103)<="0  0  0  0  0  1  0  0  0  0  1  1  1  0  0  1"; 
t(104)<="0  0  0  0  0  0  1  1  1  1  0  0  1  0  0  1"; 
t(105)<="0  0  0  0  0  0  1  1  0  1  0  1  0  1  1  0"; 
t(106)<="0  0  0  0  0  0  1  0  1  1  1  0  0  0  0  0"; 
t(107)<="0  0  0  0  0  0  1  0  0  1  1  0  1  0  1  1"; 
t(108)<="0  0  0  0  0  0  0  1  1  1  1  1  1  0  0  0"; 
t(109)<="0  0  0  0  0  0  0  1  1  0  0  0  0  1  1  1"; 
t(110)<="0  0  0  0  0  0  0  1  0  0  0  1  1  1  0  0"; 
t(111)<="0  0  0  0  0  0  0  0  1  0  1  1  0  1  1  0"; 
t(112)<="0  0  0  0  0  0  0  0  0  1  0  1  1  0  0  0"; 
t(113)<="0  0  0  0  0  0  0  0  0  0  0  0  0  0  1  1"; 
t(114)<="1  1  1  1  1  1  1  1  1  0  1  1  0  1  1  1"; 
t(115)<="1  1  1  1  1  1  1  1  0  1  1  1  0  1  0  0"; 
t(116)<="1  1  1  1  1  1  1  1  0  0  1  1  1  1  0  0"; 
t(117)<="1  1  1  1  1  1  1  1  0  0  0  0  1  1  1  0"; 
t(118)<="1  1  1  1  1  1  1  0  1  1  1  0  1  0  1  1"; 
t(119)<="1  1  1  1  1  1  1  0  1  1  0  1  0  0  1  0"; 
t(120)<="1  1  1  1  1  1  1  0  1  1  0  0  0  0  1  1"; 
t(121)<="1  1  1  1  1  1  1  0  1  0  1  1  1  1  0  1"; 
t(122)<="1  1  1  1  1  1  1  0  1  1  0  0  0  0  0  0"; 
t(123)<="1  1  1  1  1  1  1  0  1  1  0  0  1  0  1  1"; 
t(124)<="1  1  1  1  1  1  1  0  1  1  0  1  1  1  0  1"; 
t(125)<="1  1  1  1  1  1  1  0  1  1  1  1  0  1  0  1"; 
t(126)<="1  1  1  1  1  1  1  1  0  0  0  1  0  0  0  1"; 
t(127)<="1  1  1  1  1  1  1  1  0  0  1  1  0  0  1  0"; 
t(128)<="1  1  1  1  1  1  1  1  0  1  0  1  0  1  0  1"; 
t(129)<="1  1  1  1  1  1  1  1  0  1  1  1  1  0  1  0"; 
t(130)<="1  1  1  1  1  1  1  1  1  0  0  1  1  1  1  1"; 
t(131)<="1  1  1  1  1  1  1  1  1  1  0  0  0  1  0  0"; 
t(132)<="1  1  1  1  1  1  1  1  1  1  1  0  1  0  0  0"; 
t(133)<="0  0  0  0  0  0  0  0  0  0  0  0  1  0  1  0"; 
t(134)<="0  0  0  0  0  0  0  0  0  0  1  0  1  0  0  1"; 
t(135)<="0  0  0  0  0  0  0  0  0  1  0  0  0  1  0  1"; 
t(136)<="0  0  0  0  0  0  0  0  0  1  0  1  1  1  0  1"; 
t(137)<="0  0  0  0  0  0  0  0  0  1  1  1  0  0  0  1"; 
t(138)<="0  0  0  0  0  0  0  0  1  0  0  0  0  0  0  0"; 
t(139)<="0  0  0  0  0  0  0  0  1  0  0  0  1  0  1  1"; 
t(140)<="0  0  0  0  0  0  0  0  1  0  0  1  0  0  1  0"; 
t(141)<="0  0  0  0  0  0  0  0  1  0  0  1  0  1  0  1"; 
t(142)<="0  0  0  0  0  0  0  0  1  0  0  1  0  1  0  0"; 
t(143)<="0  0  0  0  0  0  0  0  1  0  0  0  1  1  1  1"; 
t(144)<="0  0  0  0  0  0  0  0  1  0  0  0  0  1  1  1"; 
t(145)<="0  0  0  0  0  0  0  0  0  1  1  1  1  1  0  0"; 
t(146)<="0  0  0  0  0  0  0  0  0  1  1  0  1  1  1  0"; 
t(147)<="0  0  0  0  0  0  0  0  0  1  0  1  1  1  1  1"; 
t(148)<="0  0  0  0  0  0  0  0  0  1  0  0  1  1  1  0"; 
t(149)<="0  0  0  0  0  0  0  0  0  0  1  1  1  1  0  1"; 
t(150)<="0  0  0  0  0  0  0  0  0  0  1  0  1  0  1  0"; 
t(151)<="0  0  0  0  0  0  0  0  0  0  0  1  1  0  0  0"; 
t(152)<="0  0  0  0  0  0  0  0  0  0  0  0  0  1  1  1"; 
t(153)<="1  1  1  1  1  1  1  1  1  1  1  1  0  1  1  0"; 
t(154)<="1  1  1  1  1  1  1  1  1  1  1  0  0  1  1  0"; 
t(155)<="1  1  1  1  1  1  1  1  1  1  0  1  1  0  0  0"; 
t(156)<="1  1  1  1  1  1  1  1  1  1  0  0  1  0  1  1"; 
t(157)<="1  1  1  1  1  1  1  1  1  1  0  0  0  0  0  0"; 
t(158)<="1  1  1  1  1  1  1  1  1  0  1  1  0  1  1  1"; 
t(159)<="1  1  1  1  1  1  1  1  1  0  1  1  0  0  0  0"; 
t(160)<="1  1  1  1  1  1  1  1  1  0  1  0  1  0  1  1"; 
t(161)<="1  1  1  1  1  1  1  1  1  0  1  0  0  1  1  1"; 
t(162)<="1  1  1  1  1  1  1  1  1  0  1  0  0  1  1  0"; 
t(163)<="1  1  1  1  1  1  1  1  1  0  1  0  0  1  1  0"; 
t(164)<="1  1  1  1  1  1  1  1  1  0  1  0  1  0  0  0"; 
t(165)<="1  1  1  1  1  1  1  1  1  0  1  0  1  0  1  0"; 
t(166)<="1  1  1  1  1  1  1  1  1  0  1  0  1  1  1  0"; 
t(167)<="1  1  1  1  1  1  1  1  1  0  1  1  0  0  1  1"; 
t(168)<="1  1  1  1  1  1  1  1  1  0  1  1  1  0  0  1"; 
t(169)<="1  1  1  1  1  1  1  1  1  0  1  1  1  1  1  1"; 
t(170)<="1  1  1  1  1  1  1  1  1  1  0  0  0  1  0  1"; 
t(171)<="1  1  1  1  1  1  1  1  1  1  0  0  1  1  0  0"; 
t(172)<="1  1  1  1  1  1  1  1  1  1  0  1  0  0  1  0"; 
t(173)<="1  1  1  1  1  1  1  1  1  1  0  1  1  0  0  1"; 
t(174)<="1  1  1  1  1  1  1  1  1  1  0  1  1  1  1  1"; 
t(175)<="1  1  1  1  1  1  1  1  1  1  1  0  0  1  0  0"; 
t(176)<="1  1  1  1  1  1  1  1  1  1  1  0  1  0  1  0"; 
t(177)<="1  1  1  1  1  1  1  1  1  1  1  0  1  1  1  0"; 
t(178)<="1  1  1  1  1  1  1  1  1  1  1  1  0  0  1  0"; 
t(179)<="1  1  1  1  1  1  1  1  1  1  1  1  0  1  1  0"; 
t(180)<="1  1  1  1  1  1  1  1  1  1  1  1  1  0  0  1"; 
t(181)<="1  1  1  1  1  1  1  1  1  1  1  1  1  0  1  1"; 
t(182)<="1  1  1  1  1  1  1  1  1  1  1  1  1  1  1  1"; 
t(183)<="1  1  1  1  1  1  1  1  1  1  1  1  1  1  1  1"; 
t(184)<="0  0  0  0  0  0  0  0  0  0  0  0  0  0  0  0"; 
t(185)<="0  0  0  0  0  0  0  0  0  0  0  0  0  0  0  1"; 
t(186)<="0  0  0  0  0  0  0  0  0  0  0  0  0  0  0  1"; 
t(187)<="0  0  0  0  0  0  0  0  0  0  0  0  1  0  0  1"; 
