t(0)<="0  0  0  0  0  0  0  0  0  0  0  1  0  0  0  1"; 
t(1)<="0  0  0  0  0  0  0  0  0  0  0  1  1  0  0  0"; 
t(2)<="0  0  0  0  0  0  0  0  0  0  1  0  0  1  1  0"; 
t(3)<="0  0  0  0  0  0  0  0  0  0  1  1  0  1  1  0"; 
t(4)<="0  0  0  0  0  0  0  0  0  1  0  0  0  1  1  0"; 
t(5)<="0  0  0  0  0  0  0  0  0  1  0  1  0  0  1  1"; 
t(6)<="0  0  0  0  0  0  0  0  0  1  0  1  1  0  1  0"; 
t(7)<="0  0  0  0  0  0  0  0  0  1  0  1  1  0  1  0"; 
t(8)<="0  0  0  0  0  0  0  0  0  1  0  0  1  1  1  0"; 
t(9)<="0  0  0  0  0  0  0  0  0  0  1  1  0  1  0  1"; 
t(10)<="0  0  0  0  0  0  0  0  0  0  0  1  0  0  0  0"; 
t(11)<="1  1  1  1  1  1  1  1  1  1  0  1  1  1  1  1"; 
t(12)<="1  1  1  1  1  1  1  1  1  0  1  0  1  0  0  0"; 
t(13)<="1  1  1  1  1  1  1  1  0  1  1  0  1  1  1  0"; 
t(14)<="1  1  1  1  1  1  1  1  0  0  1  1  1  0  0  1"; 
t(15)<="1  1  1  1  1  1  1  1  0  0  0  1  0  0  0  1"; 
t(16)<="1  1  1  1  1  1  1  0  1  1  1  1  1  1  0  1"; 
t(17)<="1  1  1  1  1  1  1  1  0  0  0  0  0  0  1  1"; 
t(18)<="1  1  1  1  1  1  1  1  0  0  1  0  0  1  1  0"; 
t(19)<="1  1  1  1  1  1  1  1  0  1  1  0  0  1  0  1"; 
t(20)<="1  1  1  1  1  1  1  1  1  0  1  1  1  1  0  1"; 
t(21)<="0  0  0  0  0  0  0  0  0  0  1  0  0  1  0  1"; 
t(22)<="0  0  0  0  0  0  0  0  1  0  0  1  0  0  1  0"; 
t(23)<="0  0  0  0  0  0  0  0  1  1  1  1  0  0  1  1"; 
t(24)<="0  0  0  0  0  0  0  1  0  0  1  1  1  0  1  1"; 
t(25)<="0  0  0  0  0  0  0  1  0  1  0  1  1  0  1  1"; 
t(26)<="0  0  0  0  0  0  0  1  0  1  0  0  1  0  0  1"; 
t(27)<="0  0  0  0  0  0  0  0  1  1  1  1  1  1  1  1"; 
t(28)<="0  0  0  0  0  0  0  0  1  0  0  0  0  0  0  0"; 
t(29)<="1  1  1  1  1  1  1  1  1  1  0  1  0  1  0  0"; 
t(30)<="1  1  1  1  1  1  1  1  0  0  0  0  1  1  0  1"; 
t(31)<="1  1  1  1  1  1  1  0  0  1  0  0  0  0  1  1"; 
t(32)<="1  1  1  1  1  1  0  1  1  0  0  1  0  0  1  1"; 
t(33)<="1  1  1  1  1  1  0  1  0  0  0  1  1  0  1  0"; 
t(34)<="1  1  1  1  1  1  0  0  1  1  1  1  0  1  0  1"; 
t(35)<="1  1  1  1  1  1  0  1  0  0  1  1  1  0  1  0"; 
t(36)<="1  1  1  1  1  1  0  1  1  1  1  1  1  0  1  0"; 
t(37)<="1  1  1  1  1  1  1  1  0  0  1  1  0  1  1  1"; 
t(38)<="0  0  0  0  0  0  0  0  1  1  1  0  1  0  0  1"; 
t(39)<="0  0  0  0  0  0  1  0  1  1  1  1  1  0  1  0"; 
t(40)<="0  0  0  0  0  1  0  1  0  1  0  0  1  0  1  0"; 
t(41)<="0  0  0  0  0  1  1  1  1  0  1  0  1  1  1  1"; 
t(42)<="0  0  0  0  1  0  0  1  1  1  1  1  1  1  0  0"; 
t(43)<="0  0  0  0  1  1  0  0  0  0  0  0  0  0  1  1"; 
t(44)<="0  0  0  0  1  1  0  1  1  0  0  1  0  1  1  1"; 
t(45)<="0  0  0  0  1  1  1  0  1  0  0  1  1  0  0  1"; 
t(46)<="0  0  0  0  1  1  1  0  1  1  1  1  0  0  0  1"; 
t(47)<="0  0  0  0  1  1  1  0  1  0  0  1  1  0  0  1"; 
t(48)<="0  0  0  0  1  1  0  1  1  0  0  1  0  1  1  1"; 
t(49)<="0  0  0  0  1  1  0  0  0  0  0  0  0  0  1  1"; 
t(50)<="0  0  0  0  1  0  0  1  1  1  1  1  1  1  0  0"; 
t(51)<="0  0  0  0  0  1  1  1  1  0  1  0  1  1  1  1"; 
t(52)<="0  0  0  0  0  1  0  1  0  1  0  0  1  0  1  0"; 
t(53)<="0  0  0  0  0  0  1  0  1  1  1  1  1  0  1  0"; 
t(54)<="0  0  0  0  0  0  0  0  1  1  1  0  1  0  0  1"; 
t(55)<="1  1  1  1  1  1  1  1  0  0  1  1  0  1  1  1"; 
t(56)<="1  1  1  1  1  1  0  1  1  1  1  1  1  0  1  0"; 
t(57)<="1  1  1  1  1  1  0  1  0  0  1  1  1  0  1  0"; 
t(58)<="1  1  1  1  1  1  0  0  1  1  1  1  0  1  0  1"; 
t(59)<="1  1  1  1  1  1  0  1  0  0  0  1  1  0  1  0"; 
t(60)<="1  1  1  1  1  1  0  1  1  0  0  1  0  0  1  1"; 
t(61)<="1  1  1  1  1  1  1  0  0  1  0  0  0  0  1  1"; 
t(62)<="1  1  1  1  1  1  1  1  0  0  0  0  1  1  0  1"; 
t(63)<="1  1  1  1  1  1  1  1  1  1  0  1  0  1  0  0"; 
t(64)<="0  0  0  0  0  0  0  0  1  0  0  0  0  0  0  0"; 
t(65)<="0  0  0  0  0  0  0  0  1  1  1  1  1  1  1  1"; 
t(66)<="0  0  0  0  0  0  0  1  0  1  0  0  1  0  0  1"; 
t(67)<="0  0  0  0  0  0  0  1  0  1  0  1  1  0  1  1"; 
t(68)<="0  0  0  0  0  0  0  1  0  0  1  1  1  0  1  1"; 
t(69)<="0  0  0  0  0  0  0  0  1  1  1  1  0  0  1  1"; 
t(70)<="0  0  0  0  0  0  0  0  1  0  0  1  0  0  1  0"; 
t(71)<="0  0  0  0  0  0  0  0  0  0  1  0  0  1  0  1"; 
t(72)<="1  1  1  1  1  1  1  1  1  0  1  1  1  1  0  1"; 
t(73)<="1  1  1  1  1  1  1  1  0  1  1  0  0  1  0  1"; 
t(74)<="1  1  1  1  1  1  1  1  0  0  1  0  0  1  1  0"; 
t(75)<="1  1  1  1  1  1  1  1  0  0  0  0  0  0  1  1"; 
t(76)<="1  1  1  1  1  1  1  0  1  1  1  1  1  1  0  1"; 
t(77)<="1  1  1  1  1  1  1  1  0  0  0  1  0  0  0  1"; 
t(78)<="1  1  1  1  1  1  1  1  0  0  1  1  1  0  0  1"; 
t(79)<="1  1  1  1  1  1  1  1  0  1  1  0  1  1  1  0"; 
t(80)<="1  1  1  1  1  1  1  1  1  0  1  0  1  0  0  0"; 
t(81)<="1  1  1  1  1  1  1  1  1  1  0  1  1  1  1  1"; 
t(82)<="0  0  0  0  0  0  0  0  0  0  0  1  0  0  0  0"; 
t(83)<="0  0  0  0  0  0  0  0  0  0  1  1  0  1  0  1"; 
t(84)<="0  0  0  0  0  0  0  0  0  1  0  0  1  1  1  0"; 
t(85)<="0  0  0  0  0  0  0  0  0  1  0  1  1  0  1  0"; 
t(86)<="0  0  0  0  0  0  0  0  0  1  0  1  1  0  1  0"; 
t(87)<="0  0  0  0  0  0  0  0  0  1  0  1  0  0  1  1"; 
t(88)<="0  0  0  0  0  0  0  0  0  1  0  0  0  1  1  0"; 
t(89)<="0  0  0  0  0  0  0  0  0  0  1  1  0  1  1  0"; 
t(90)<="0  0  0  0  0  0  0  0  0  0  1  0  0  1  1  0"; 
t(91)<="0  0  0  0  0  0  0  0  0  0  0  1  1  0  0  0"; 
t(92)<="0  0  0  0  0  0  0  0  0  0  0  1  0  0  0  1"; 
